1ss ΙΤ11111

εψψὲῳψψψψψ
8931ιέ9 ‚3 813911'1161811113472211'2311 quiavoient 616116
vlefipllqglyffzb· 38. 40. 99. 111. 117. 119199.
131. 148149. 169169. 179. 184.111.116. 1
119. 111. 116. 119. 199. 179. 179. 199. 991.
wmmfflmwmmw
zmwwwwwwmssmmm
“ffimmcmffl1w
ψ ...·.4. ἕξ.. ..9. ...4...1 .4... 258⁹.. ..31 ε
3⁰¹· 304· 305· 30· 309· 3¹0· 3¹1·319·355· ι
wmmffimfflmfflw
Paffige'ffff’ffiorace mal expliquez par Μ. Benaci.
mwwfflffimwmw
11. 91. 199. 161. 164. 171. 197. 161. 11121.
18.Ι 48. 69. 76. 191. 117. 149. 146.161..174
181. 199. 119. 119, 194 147. 191. 996. 917.
ὠψψψψψΝΜΛ
51. 76. 78. 106.112.154. 192. V. 15. 62. 66.
96. 191. 199. 136. 189. 205. 220. 233. 199
mmmwmmfflmss
49. 51. 89. 91. 94. 104. 198. 199. 199. 14
148. 149. 151. 167. 193. 197. 199. 991.9 .
mmmfflwmwmw
65. 74. 87. 165. 176. 181. 184. 188. 199199
224. 119. 229. 232. 233. 262. 179. 274. 301.
mmmmmmmmffl
64. 75. 199. 114. 116. 122. 140141. 181. 111.
196. 267. 176. 282. 317. 325. 497. 430. 431.
&mmmmmmmfflm
fflfflwfflmmwwm
3¹·92· 108. 160. 161. 177. 181. 184. 260. 262.
266. 271. 179. 274. 286. 290. 296. 991. 919.
ψωιψυηῆὼψηψω
fflfflfflfflfflfflm
Horace defen u contre Scahger, 1. 19.17. 47 997

 

